# Target image name: walk_060.ppm
# Reference image name: walk_058.ppm
# Name: Alex Nassif
# Number of target macro blocks: 12 x 9
[0, 0][0, 0][0, 0][0, 0][0, 0][0, 0][0, 0][0, 0][0, 0][0, 0][0, 0][0, 0]
[0, 0][0, 0][0, 0][0, 0][0, 0][0, 0][0, 0][0, 0][0, 0][0, 0][0, 0][0, 0]
[0, 0][0, 0][0, 0][0, 0][0, 0][0, 0][0, 0][0, 0][0, 0][0, 0][0, 0][0, 0]
[0, 0][0, 0][0, 0][0, 0][0, 0][0, 0][0, 0][0, 0][0, 0][0, 0][0, 0][0, 0]
[0, 0][0, 0][0, 0][0, 0][0, 0][0, 0][0, 0][0, 0][0, 0][0, 0][0, 0][0, 0]
[0, 0][0, 0][0, 0][0, 0][0, 0][0, 0][0, 3][-1, 3][0, 0][0, 0][0, 0][0, 0]
[0, 0][0, 0][0, 0][0, 0][0, 0][0, 0][0, 2][4, 3][0, 0][0, 0][0, 0][0, 0]
[0, 0][0, 0][0, 0][0, 0][0, 0][0, 0][0, 0][0, 0][0, 0][0, 0][0, 0][0, 0]
[0, 0][0, 0][0, 0][0, 0][0, 0][0, 0][0, 0][0, 0][0, 0][0, 0][0, 0][0, 0]
